Figure4/1998_FR11_10_c4d_160115_055620_ooi_r_ls9_C.ecsv
# %ECSV 0.9
# ---
# datatype:
# - {name: r, datatype: float64}
# - {name: r_arcsec, datatype: float64}
# - {name: flux, datatype: float64}
# - {name: flux_sky, datatype: float64}
# schema: astropy-2.0
r r_arcsec flux flux_sky
14.142135623730951 3.7098013527527938 137.67239379882812 5.492083845467391
13.45362404707371 3.5291892269446596 126.09883117675781 -6.081478776602921
12.806248474865697 3.359368003515973 127.80241394042969 -4.377896012931046
12.206555615733702 3.2020550318944254 139.91050720214844 7.730197248787704
11.661903789690601 3.0591805654918103 124.44774627685547 -7.732563676505265
11.180339887498949 2.9328554853681483 129.47152709960938 -2.7087828537513587
10.770329614269007 2.8253005370392272 132.20077514648438 0.020465193123641257
10.44030650891055 2.7387280281004758 127.22318267822266 -4.9571272751380775
10.198039027185569 2.6751757998271737 135.58338928222656 3.4030793288658288
10.04987562112089 2.6363091944663206 133.83580017089844 1.6554902175377038
10.0 2.623225693386528 128.86329650878906 -3.3170134445716712
10.04987562112089 2.6363091944663206 133.33152770996094 1.1512177566002038
10.198039027185569 2.6751757998271737 137.67869567871094 5.498385725350204
10.44030650891055 2.7387280281004758 130.01626586914062 -2.1640440842201087
10.770329614269007 2.8253005370392272 134.41921997070312 2.2389100173423913
11.180339887498949 2.9328554853681483 140.9959716796875 8.815661726326766
11.661903789690601 3.0591805654918103 133.92347717285156 1.7431672194908288
12.206555615733702 3.2020550318944254 140.49801635742188 8.317706404061141
12.806248474865697 3.359368003515973 114.48294067382812 -17.69736927953261
13.45362404707371 3.5291892269446596 145.4968719482422 13.316561994881454
13.45362404707371 3.5291892269446596 143.33616638183594 11.155856428475204
12.727922061357855 3.3388212174775145 130.84716796875 -1.3331419846107337
12.041594578792296 3.1587820288431874 128.1859893798828 -3.9943205734779212
11.40175425099138 2.990937470087965 141.14573669433594 8.965426740975204
10.816653826391969 2.837452423385911 124.5709228515625 -7.609387101798234
10.295630140987 2.700776151544186 134.4856719970703 2.3053620437095788
9.848857801796104 2.58357768361819 138.64959716796875 6.469287214608016
9.486832980505138 2.4886104023327773 136.0684051513672 3.8880951980064538
9.219544457292887 2.418494590169005 127.22323608398438 -4.957073869376359
9.055385138137417 2.3754318957872584 133.421142578125 1.2408326247642663
9.0 2.360903124047875 126.63420867919922 -5.546101274161515
9.055385138137417 2.3754318957872584 129.26255798339844 -2.9177519699622962
9.219544457292887 2.418494590169005 134.93426513671875 2.7539551833580163
9.486832980505138 2.4886104023327773 139.67474365234375 7.494433698983016
9.848857801796104 2.58357768361819 125.64067840576172 -6.539631547599015
10.295630140987 2.700776151544186 136.5164794921875 4.336169538826766
10.816653826391969 2.837452423385911 124.60684204101562 -7.573467912345109
11.40175425099138 2.990937470087965 131.39749145507812 -0.7828184982826087
12.041594578792296 3.1587820288431874 142.79391479492188 10.613604841561141
12.727922061357855 3.3388212174775145 139.1204376220703 6.940127668709579
12.806248474865697 3.359368003515973 131.65684509277344 -0.5234648605872962
12.041594578792296 3.1587820288431874 129.4760284423828 -2.7042815109779212
11.313708498984761 2.967841082202235 144.51206970214844 12.331759748787704
10.63014581273465 2.7885271620410745 131.0314483642578 -1.1488615891029212
10.0 2.623225693386528 129.4579315185547 -2.7223784348060462
9.433981132056603 2.4747461696534603 134.2847900390625 2.1044800857017663
8.94427190999916 2.3462843882945186 131.1011199951172 -1.0791899582435462
8.54400374531753 2.241285014910767 136.49041748046875 4.310107527108016
8.246211251235321 2.163167322733356 120.88372802734375 -11.296581926016984
8.06225774829855 2.1149121672041367 126.28067016601562 -5.899639787345109
8.0 2.0985805547092222 126.78414916992188 -5.396160783438859
8.06225774829855 2.1149121672041367 134.80996704101562 2.6296570876548913
8.246211251235321 2.163167322733356 133.22462463378906 1.0443146804283288
8.54400374531753 2.241285014910767 126.76811218261719 -5.412197770743546
8.94427190999916 2.3462843882945186 128.85781860351562 -3.3224913498451087
9.433981132056603 2.4747461696534603 132.16058349609375 -0.019726457266983743
10.0 2.623225693386528 128.3795928955078 -3.8007170578529212
10.63014581273465 2.7885271620410745 126.73948669433594 -5.440823259024796
11.313708498984761 2.967841082202235 141.3892059326172 9.208895979256454
12.041594578792296 3.1587820288431874 130.53219604492188 -1.6481139084388587
12.206555615733702 3.2020550318944254 125.15184020996094 -7.028469743399796
11.40175425099138 2.990937470087965 135.16123962402344 2.9809296706627038
10.63014581273465 2.7885271620410745 132.0830535888672 -0.09725636449354624
9.899494936611665 2.5968609469269555 129.9644317626953 -2.2158781906654212
9.219544457292887 2.418494590169005 127.31079864501953 -4.8695113083412025
8.602325267042627 2.2565840663374344 134.6964111328125 2.5161011794517663
8.06225774829855 2.1149121672041367 144.7044677734375 12.524157820076766
7.615773105863909 1.997789168630432 131.02487182617188 -1.1554381271888587
7.280109889280518 1.9097371312238005 135.280029296875 3.0997193435142663
7.0710678118654755 1.8549006763763969 132.0286407470703 -0.15166920629042124
7.0 1.8362579853705694 137.91909790039062 5.738787947029891
7.0710678118654755 1.8549006763763969 133.074462890625 0.8941529372642663
7.280109889280518 1.9097371312238005 132.622314453125 0.44200449976426626
7.615773105863909 1.997789168630432 129.93423461914062 -2.2460753342201087
8.06225774829855 2.1149121672041367 137.8301544189453 5.649844465584579
8.602325267042627 2.2565840663374344 125.62218475341797 -6.558125199942765
9.219544457292887 2.418494590169005 138.46266174316406 6.282351789803329
9.899494936611665 2.5968609469269555 143.66552734375 11.485217390389266
10.63014581273465 2.7885271620410745 123.08880615234375 -9.091503801016984
11.40175425099138 2.990937470087965 124.14161682128906 -8.038693132071671
11.661903789690601 3.0591805654918103 130.6654510498047 -1.5148589035560462
10.816653826391969 2.837452423385911 130.16278076171875 -2.0175291916419837
10.0 2.623225693386528 134.90672302246094 2.7264130691002038
9.219544457292887 2.418494590169005 139.5699920654297 7.389682112068954
8.48528137423857 2.225880811651676 136.42669677734375 4.246386823983016
7.810249675906654 2.0488047621602137 129.62765502929688 -2.5526549240638587
7.211102550927978 1.8916349489239406 132.25326538085938 0.07295542749864126
6.708203932499369 1.759713291220889 124.3802490234375 -7.800060929923234
6.324555320336759 1.6590736015551848 143.77871704101562 11.598407087654891
6.082762530298219 1.5956458956247137 135.9272003173828 3.7468903640220788
6.0 1.5739354160319166 132.25338745117188 0.07307749781114126
6.082762530298219 1.5956458956247137 128.06365966796875 -4.116650285391984
6.324555320336759 1.6590736015551848 129.1376495361328 -3.0426604172279212
6.708203932499369 1.759713291220889 143.22361755371094 11.043307600350204
7.211102550927978 1.8916349489239406 135.41104125976562 3.2307313064048913
7.810249675906654 2.0488047621602137 126.0112075805664 -6.1691023727943275
8.48528137423857 2.225880811651676 134.88211059570312 2.7018006423423913
9.219544457292887 2.418494590169005 120.75052642822266 -11.429783525138077
10.0 2.623225693386528 128.56275939941406 -3.6175505539466712
10.816653826391969 2.837452423385911 135.45753479003906 3.2772248366783288
11.180339887498949 2.9328554853681483 127.28362274169922 -4.896687211661515
10.295630140987 2.700776151544186 127.17634582519531 -5.003964128165421
9.433981132056603 2.4747461696534603 131.32232666015625 -0.8579832932044837
8.602325267042627 2.2565840663374344 135.92991638183594 3.7496064284752038
7.810249675906654 2.0488047621602137 143.08905029296875 10.908740339608016
7.0710678118654755 1.8549006763763969 129.2419891357422 -2.9383208176185462
6.4031242374328485 1.6796840017579866 146.1377716064453 13.957461653084579
5.830951894845301 1.5295902827459051 124.74568939208984 -7.43462056127089
5.385164807134504 1.4126502685196136 126.72036743164062 -5.459942521720109
5.0990195135927845 1.3375878999135868 125.1822280883789 -6.9980818649818275
5.0 1.311612846693264 133.84600830078125 1.6656983474205163
5.0990195135927845 1.3375878999135868 120.60405731201172 -11.576252641349015
5.385164807134504 1.4126502685196136 128.82321166992188 -3.3570982834388587
5.830951894845301 1.5295902827459051 135.95367431640625 3.7733643630455163
6.4031242374328485 1.6796840017579866 137.9150848388672 5.734774885506454
7.0710678118654755 1.8549006763763969 132.30784606933594 0.12753611597520376
7.810249675906654 2.0488047621602137 120.61978149414062 -11.560528459220109
8.602325267042627 2.2565840663374344 133.3487091064453 1.1683991530845788
9.433981132056603 2.4747461696534603 140.0496826171875 7.869372663826766
10.295630140987 2.700776151544186 135.39300537109375 3.2126954177330163
10.770329614269007 2.8253005370392272 136.1140594482422 3.9337494948814538
9.848857801796104 2.58357768361819 130.99493408203125 -1.1853758713294837
8.94427190999916 2.3462843882945186 130.92637634277344 -1.2539336105872962
8.06225774829855 2.1149121672041367 124.3108901977539 -7.8694197556068275
7.211102550927978 1.8916349489239406 140.79359436035156 8.613284406990829
6.4031242374328485 1.6796840017579866 123.80165100097656 -8.378658952384171
5.656854249492381 1.4839205411011176 130.43821716308594 -1.7420927902747962
5.0 1.311612846693264 124.22476959228516 -7.9555403610755775
4.47213595499958 1.1731421941472593 133.57737731933594 1.3970673659752038
4.123105625617661 1.081583661366678 149.47593688964844 17.295626936287704
4.0 1.0492902773546111 138.72984313964844 6.549533186287704
4.123105625617661 1.081583661366678 134.5890655517578 2.4087555983970788
4.47213595499958 1.1731421941472593 137.1484375 4.968127546639266
5.0 1.311612846693264 131.98968505859375 -0.19062489476698374
5.656854249492381 1.4839205411011176 119.14933776855469 -13.030972184806046
6.4031242374328485 1.6796840017579866 134.57504272460938 2.3947327712486413
7.211102550927978 1.8916349489239406 134.05938720703125 1.8790772536705163
8.06225774829855 2.1149121672041367 128.445068359375 -3.7352415939857337
8.94427190999916 2.3462843882945186 138.67776489257812 6.497454939217391
9.848857801796104 2.58357768361819 131.4888458251953 -0.6914641281654212
10.44030650891055 2.7387280281004758 124.29044342041016 -7.8898665329505775
9.486832980505138 2.4886104023327773 128.90240478515625 -3.2779051682044837
8.54400374531753 2.241285014910767 128.95921325683594 -3.2210966965247962
7.615773105863909 1.997789168630432 143.31163024902344 11.131320295662704
6.708203932499369 1.759713291220889 136.63345336914062 4.453143415779891
5.830951894845301 1.5295902827459051 126.92314147949219 -5.257168473868546
5.0 1.311612846693264 134.12039184570312 1.9400818923423913
4.242640687119285 1.112940405825838 134.11270141601562 1.9323914626548913
3.605551275463989 0.9458174744619703 135.08628845214844 2.9059784987877038
3.1622776601683795 0.8295368007775924 144.4010772705078 12.220767317147079
3.0 0.7869677080159583 135.6586151123047 3.4783051589439538
3.1622776601683795 0.8295368007775924 146.35455322265625 14.174243269295516
3.605551275463989 0.9458174744619703 149.4867401123047 17.306430158943954
4.242640687119285 1.112940405825838 142.83753967285156 10.657229719490829
5.0 1.311612846693264 133.53529357910156 1.3549836257408288
5.830951894845301 1.5295902827459051 131.97830200195312 -0.20200795140760874
6.708203932499369 1.759713291220889 124.27523040771484 -7.90507954564589
7.615773105863909 1.997789168630432 125.30513000488281 -6.875179948477921
8.54400374531753 2.241285014910767 125.36795043945312 -6.812359513907609
9.486832980505138 2.4886104023327773 127.39202117919922 -4.788288774161515
10.198039027185569 2.6751757998271737 119.16691589355469 -13.013394059806046
9.219544457292887 2.418494590169005 133.66839599609375 1.4880860427330163
8.246211251235321 2.163167322733356 126.21022033691406 -5.970089616446671
7.280109889280518 1.9097371312238005 122.41355895996094 -9.766750993399796
6.324555320336759 1.6590736015551848 131.51515197753906 -0.6651579758216712
5.385164807134504 1.4126502685196136 126.1171875 -6.063122453360734
4.47213595499958 1.1731421941472593 133.17282104492188 0.9925110915611413
3.605551275463989 0.9458174744619703 131.5070037841797 -0.6733061691810462
2.8284271247461903 0.7419602705505588 130.9895782470703 -1.1907317062904212
2.23606797749979 0.5865710970736296 158.37933349609375 26.199023542733016
2.0 0.5246451386773056 151.8657989501953 19.68548899683458
2.23606797749979 0.5865710970736296 154.12571716308594 21.945407209725204
2.8284271247461903 0.7419602705505588 155.70252990722656 23.52221995386583
3.605551275463989 0.9458174744619703 129.3843994140625 -2.7959105392982337
4.47213595499958 1.1731421941472593 136.82875061035156 4.648440656990829
5.385164807134504 1.4126502685196136 140.07720947265625 7.896899519295516
6.324555320336759 1.6590736015551848 132.12014770507812 -0.06016224828260874
7.280109889280518 1.9097371312238005 134.20968627929688 2.0293763259361413
8.246211251235321 2.163167322733356 128.8121337890625 -3.3681761642982337
9.219544457292887 2.418494590169005 145.94854736328125 13.768237409920516
10.04987562112089 2.6363091944663206 125.02242279052734 -7.15788716283339
9.055385138137417 2.3754318957872584 134.65382385253906 2.4735138991783288
8.06225774829855 2.1149121672041367 123.39031219482422 -8.789997758536515
7.0710678118654755 1.8549006763763969 130.89927673339844 -1.2810332199622962
6.082762530298219 1.5956458956247137 129.75869750976562 -2.4216124435951087
5.0990195135927845 1.3375878999135868 153.9868927001953 21.80658274683458
4.123105625617661 1.081583661366678 128.26516723632812 -3.9151427170326087
3.1622776601683795 0.8295368007775924 141.0656280517578 8.885318098397079
2.23606797749979 0.5865710970736296 153.91297912597656 21.73266917261583
1.4142135623730951 0.3709801352752794 162.47279357910156 30.29248362574083
1.0 0.2623225693386528 162.03883361816406 29.85852366480333
1.4142135623730951 0.3709801352752794 154.00030517578125 21.819995222420516
2.23606797749979 0.5865710970736296 152.29928588867188 20.11897593531114
3.1622776601683795 0.8295368007775924 158.80325317382812 26.62294322046739
4.123105625617661 1.081583661366678 131.9682159423828 -0.21209401097792124
5.0990195135927845 1.3375878999135868 142.69183349609375 10.511523542733016
6.082762530298219 1.5956458956247137 131.96682739257812 -0.21348256078260874
7.0710678118654755 1.8549006763763969 124.96148681640625 -7.218823136954484
8.06225774829855 2.1149121672041367 136.28890991210938 4.108599958748641
9.055385138137417 2.3754318957872584 130.8980712890625 -1.2822386642982337
10.0 2.623225693386528 129.20521545410156 -2.9750944992591712
9.0 2.360903124047875 137.8247833251953 5.644473371834579
8.0 2.0985805547092222 129.19622802734375 -2.9840819260169837
7.0 1.8362579853705694 140.34796142578125 8.167651472420516
6.0 1.5739354160319166 128.2592010498047 -3.9211089035560462
5.0 1.311612846693264 132.2128448486328 0.03253489527207876
4.0 1.0492902773546111 128.2013702392578 -3.9789397141029212
3.0 0.7869677080159583 125.67591857910156 -6.504391374259171
2.0 0.5246451386773056 132.78790283203125 0.6075928786705163
1.0 0.2623225693386528 155.41766357421875 23.237353620858016
0.0 0.0 178.9793243408203 46.79901438745958
1.0 0.2623225693386528 162.3851318359375 30.204821882576766
2.0 0.5246451386773056 150.28256225585938 18.10225230249864
3.0 0.7869677080159583 147.8094024658203 15.629092512459579
4.0 1.0492902773546111 131.70352172851562 -0.47678822484510874
5.0 1.311612846693264 132.2052764892578 0.024966535897078757
6.0 1.5739354160319166 123.15962219238281 -9.020687760977921
7.0 1.8362579853705694 135.20309448242188 3.0227845290611413
8.0 2.0985805547092222 131.6843719482422 -0.49593800511854624
9.0 2.360903124047875 138.25595092773438 6.075640974373641
10.04987562112089 2.6363091944663206 134.6500701904297 2.4697602370689538
