Figure4/1998_FR11_10_c4d_160115_055620_ooi_r_ls9_C.ecsv
# %ECSV 0.9
# ---
# datatype:
# - {name: r, datatype: float64}
# - {name: r_arcsec, datatype: float64}
# - {name: flux, datatype: float64}
# - {name: flux_sky, datatype: float64}
# schema: astropy-2.0
r r_arcsec flux flux_sky
[from data line 222]
8.06225774829855 2.1149121672041367 123.74837493896484 -8.43193501439589
7.0710678118654755 1.8549006763763969 133.6029815673828 1.4226716140220788
6.082762530298219 1.5956458956247137 132.5686798095703 0.38836985620957876
5.0990195135927845 1.3375878999135868 139.83114624023438 7.650836286873641
4.123105625617661 1.081583661366678 136.1967010498047 4.016391096443954
3.1622776601683795 0.8295368007775924 125.72947692871094 -6.450833024649796
2.23606797749979 0.5865710970736296 139.75442504882812 7.574115095467391
1.4142135623730951 0.3709801352752794 143.46591186523438 11.285601911873641
1.0 0.2623225693386528 162.6933135986328 30.51300364527208
1.4142135623730951 0.3709801352752794 154.9149627685547 22.734652815193954
2.23606797749979 0.5865710970736296 144.51718139648438 12.336871443123641
3.1622776601683795 0.8295368007775924 137.70164489746094 5.521334944100204
4.123105625617661 1.081583661366678 137.73583984375 5.555529890389266
5.0990195135927845 1.3375878999135868 130.45358276367188 -1.7267271896888587
6.082762530298219 1.5956458956247137 133.60037231445312 1.4200623610923913
7.0710678118654755 1.8549006763763969 134.04396057128906 1.8636506179283288
8.06225774829855 2.1149121672041367 138.75546264648438 6.575152693123641
9.055385138137417 2.3754318957872584 129.95193481445312 -2.2283751389076087
10.198039027185569 2.6751757998271737 131.20895385742188 -0.9713560959388587
9.219544457292887 2.418494590169005 138.9543914794922 6.774081526131454
8.246211251235321 2.163167322733356 131.7220916748047 -0.45821827855604624
7.280109889280518 1.9097371312238005 126.57356262207031 -5.606747331290421
6.324555320336759 1.6590736015551848 126.03368377685547 -6.146626176505265
5.385164807134504 1.4126502685196136 139.00794982910156 6.827639875740829
4.47213595499958 1.1731421941472593 137.87770080566406 5.697390852303329
3.605551275463989 0.9458174744619703 132.73397827148438 0.5536683181236413
2.8284271247461903 0.7419602705505588 133.2802276611328 1.0999177077720788
2.23606797749979 0.5865710970736296 140.4446563720703 8.264346418709579
2.0 0.5246451386773056 142.49856567382812 10.318255720467391
2.23606797749979 0.5865710970736296 149.22564697265625 17.045337019295516
2.8284271247461903 0.7419602705505588 145.1320343017578 12.951724348397079
3.605551275463989 0.9458174744619703 136.9211883544922 4.740878401131454
4.47213595499958 1.1731421941472593 136.42530822753906 4.244998274178329
5.385164807134504 1.4126502685196136 127.65901184082031 -4.521298112540421
6.324555320336759 1.6590736015551848 115.83209228515625 -16.348217668204484
7.280109889280518 1.9097371312238005 130.23109436035156 -1.9492155930091712
8.246211251235321 2.163167322733356 126.63200378417969 -5.548306169181046
9.219544457292887 2.418494590169005 133.82681274414062 1.6465027907798913
10.44030650891055 2.7387280281004758 138.09555053710938 5.915240583748641
9.486832980505138 2.4886104023327773 129.8744354248047 -2.3058745285560462
8.54400374531753 2.241285014910767 138.13327026367188 5.952960310311141
7.615773105863909 1.997789168630432 129.35621643066406 -2.8240935226966712
6.708203932499369 1.759713291220889 130.37257385253906 -1.8077361008216712
5.830951894845301 1.5295902827459051 135.01165771484375 2.8313477614830163
5.0 1.311612846693264 142.3062744140625 10.125964460701766
4.242640687119285 1.112940405825838 130.90809631347656 -1.2722136398841712
3.605551275463989 0.9458174744619703 136.59779357910156 4.417483625740829
3.1622776601683795 0.8295368007775924 137.5571746826172 5.376864729256454
3.0 0.7869677080159583 136.58807373046875 4.407763777108016
3.1622776601683795 0.8295368007775924 140.14398193359375 7.963671980233016
3.605551275463989 0.9458174744619703 145.93505859375 13.754748640389266
4.242640687119285 1.112940405825838 114.30194091796875 -17.878369035391984
5.0 1.311612846693264 137.07928466796875 4.898974714608016
5.830951894845301 1.5295902827459051 137.09249877929688 4.912188825936141
6.708203932499369 1.759713291220889 144.40721130371094 12.226901350350204
7.615773105863909 1.997789168630432 132.90249633789062 0.7221863845298913
8.54400374531753 2.241285014910767 139.11837768554688 6.938067732186141
9.486832980505138 2.4886104023327773 135.50357055664062 3.3232606032798913
10.770329614269007 2.8253005370392272 138.91468811035156 6.734378156990829
9.848857801796104 2.58357768361819 142.96376037597656 10.783450422615829
8.94427190999916 2.3462843882945186 129.4031982421875 -2.7771117111732337
8.06225774829855 2.1149121672041367 129.38427734375 -2.7960326096107337
7.211102550927978 1.8916349489239406 132.8356170654297 0.6553071120689538
6.4031242374328485 1.6796840017579866 135.94361877441406 3.7633088210533288
5.656854249492381 1.4839205411011176 141.38722229003906 9.206912336678329
5.0 1.311612846693264 134.4037628173828 2.2234528640220788
4.47213595499958 1.1731421941472593 138.42532348632812 6.245013532967391
4.123105625617661 1.081583661366678 129.9108428955078 -2.2694670578529212
4.0 1.0492902773546111 136.42193603515625 4.241626081795516
4.123105625617661 1.081583661366678 133.37562561035156 1.1953156569908288
4.47213595499958 1.1731421941472593 132.84228515625 0.6619752028892663
5.0 1.311612846693264 141.4022979736328 9.221988020272079
5.656854249492381 1.4839205411011176 136.3424072265625 4.162097273201766
6.4031242374328485 1.6796840017579866 127.37234497070312 -4.807964982657609
7.211102550927978 1.8916349489239406 128.8719482421875 -3.3083617111732337
8.06225774829855 2.1149121672041367 130.34359741210938 -1.8367125412513587
8.94427190999916 2.3462843882945186 133.89498901367188 1.7146790603111413
9.848857801796104 2.58357768361819 128.410400390625 -3.7699095627357337
11.180339887498949 2.9328554853681483 135.99722290039062 3.8169129470298913
10.295630140987 2.700776151544186 132.44871520996094 0.26840525660020376
9.433981132056603 2.4747461696534603 127.28089904785156 -4.899410905509171
8.602325267042627 2.2565840663374344 129.7974090576172 -2.3829008957435462
7.810249675906654 2.0488047621602137 123.14910125732422 -9.031208696036515
7.0710678118654755 1.8549006763763969 133.94068908691406 1.7603791335533288
6.4031242374328485 1.6796840017579866 130.3952178955078 -1.7850920578529212
5.830951894845301 1.5295902827459051 131.4275665283203 -0.7527434250404212
5.385164807134504 1.4126502685196136 136.04019165039062 3.8598816970298913
5.0990195135927845 1.3375878999135868 128.77320861816406 -3.4071013351966712
5.0 1.311612846693264 127.77194213867188 -4.408367814688859
5.0990195135927845 1.3375878999135868 130.28273010253906 -1.8975798508216712
5.385164807134504 1.4126502685196136 128.8096160888672 -3.3706938644935462
5.830951894845301 1.5295902827459051 131.3431396484375 -0.8371703049232337
6.4031242374328485 1.6796840017579866 134.42190551757812 2.2415955642173913
7.0710678118654755 1.8549006763763969 138.610107421875 6.429797468514266
7.810249675906654 2.0488047621602137 122.60305786132812 -9.577252092032609
8.602325267042627 2.2565840663374344 134.41409301757812 2.2337830642173913
9.433981132056603 2.4747461696534603 130.39151000976562 -1.7887999435951087
10.295630140987 2.700776151544186 131.38783264160156 -0.7924773117591712
11.661903789690601 3.0591805654918103 146.5894012451172 14.409091291756454
10.816653826391969 2.837452423385911 134.7392120361328 2.5589020827720788
10.0 2.623225693386528 138.25906372070312 6.078753767342391
9.219544457292887 2.418494590169005 140.2372589111328 8.056948957772079
8.48528137423857 2.225880811651676 127.73857116699219 -4.441738786368546
7.810249675906654 2.0488047621602137 128.75941467285156 -3.4208952805091712
7.211102550927978 1.8916349489239406 131.22149658203125 -0.9588133713294837
6.708203932499369 1.759713291220889 134.66748046875 2.4871705153892663
6.324555320336759 1.6590736015551848 124.31343078613281 -7.866879167227921
6.082762530298219 1.5956458956247137 130.73709106445312 -1.4432188889076087
6.0 1.5739354160319166 131.79237365722656 -0.38793629613417124
6.082762530298219 1.5956458956247137 127.81591033935547 -4.364399614005265
6.324555320336759 1.6590736015551848 130.7436065673828 -1.4367033859779212
6.708203932499369 1.759713291220889 140.72964477539062 8.549334822029891
7.211102550927978 1.8916349489239406 131.24339294433594 -0.9369170090247962
7.810249675906654 2.0488047621602137 132.1915283203125 0.011218366951766257
8.48528137423857 2.225880811651676 131.7127685546875 -0.46754139867323374
9.219544457292887 2.418494590169005 137.70068359375 5.520373640389266
10.0 2.623225693386528 123.82006072998047 -8.360249223380265
10.816653826391969 2.837452423385911 129.2965850830078 -2.8837248703529212
12.206555615733702 3.2020550318944254 128.98863220214844 -3.1916777512122962
11.40175425099138 2.990937470087965 130.1361083984375 -2.0442015549232337
10.63014581273465 2.7885271620410745 136.07859802246094 3.8982880691002038
9.899494936611665 2.5968609469269555 136.03428649902344 3.8539765456627038
9.219544457292887 2.418494590169005 137.08267211914062 4.902362165779891
8.602325267042627 2.2565840663374344 137.59628295898438 5.415973005623641
8.06225774829855 2.1149121672041367 133.8531494140625 1.6728394607017663
7.615773105863909 1.997789168630432 122.55299377441406 -9.627316178946671
7.280109889280518 1.9097371312238005 132.26171875 0.08140879663926626
7.0710678118654755 1.8549006763763969 127.37498474121094 -4.805325212149796
7.0 1.8362579853705694 134.95103454589844 2.7707245925377038
7.0710678118654755 1.8549006763763969 129.6114044189453 -2.5689055344154212
7.280109889280518 1.9097371312238005 140.94647216796875 8.766162214608016
7.615773105863909 1.997789168630432 129.0723419189453 -3.1079680344154212
8.06225774829855 2.1149121672041367 130.65469360351562 -1.5256163498451087
8.602325267042627 2.2565840663374344 127.43170928955078 -4.7486006638099525
9.219544457292887 2.418494590169005 119.84171295166016 -12.338597001700577
9.899494936611665 2.5968609469269555 132.85130310058594 0.6709931472252038
10.63014581273465 2.7885271620410745 131.2289276123047 -0.9513823410560462
11.40175425099138 2.990937470087965 133.89208984375 1.7117798903892663
12.806248474865697 3.359368003515973 121.96319580078125 -10.217114152579484
12.041594578792296 3.1587820288431874 124.52766418457031 -7.652645768790421
11.313708498984761 2.967841082202235 128.08279418945312 -4.097515763907609
10.63014581273465 2.7885271620410745 125.49382781982422 -6.686482133536515
10.0 2.623225693386528 132.03709411621094 -0.14321583714979624
9.433981132056603 2.4747461696534603 127.48075103759766 -4.6995589157630775
8.94427190999916 2.3462843882945186 145.239501953125 13.059191999764266
8.54400374531753 2.241285014910767 135.66586303710938 3.4855530837486413
8.246211251235321 2.163167322733356 124.52623748779297 -7.654072465567765
8.06225774829855 2.1149121672041367 142.13990783691406 9.959597883553329
8.0 2.0985805547092222 131.569580078125 -0.6107298752357337
8.06225774829855 2.1149121672041367 127.98348236083984 -4.19682759252089
8.246211251235321 2.163167322733356 129.08734130859375 -3.0929686447669837
8.54400374531753 2.241285014910767 130.096923828125 -2.0833861252357337
8.94427190999916 2.3462843882945186 142.14227294921875 9.961962995858016
9.433981132056603 2.4747461696534603 141.12979125976562 8.949481306404891
10.0 2.623225693386528 127.49528503417969 -4.685024919181046
10.63014581273465 2.7885271620410745 139.65103149414062 7.470721540779891
11.313708498984761 2.967841082202235 142.6814422607422 10.501132307381454
12.041594578792296 3.1587820288431874 135.63412475585938 3.4538148024986413
13.45362404707371 3.5291892269446596 136.78282165527344 4.602511701912704
12.727922061357855 3.3388212174775145 138.303466796875 6.123156843514266
12.041594578792296 3.1587820288431874 128.95364379882812 -3.2266661545326087
11.40175425099138 2.990937470087965 126.96533203125 -5.214977922110734
10.816653826391969 2.837452423385911 134.89443969726562 2.7141297439048913
10.295630140987 2.700776151544186 132.40176391601562 0.22145396265489126
9.848857801796104 2.58357768361819 129.92855834960938 -2.2517516037513587
9.486832980505138 2.4886104023327773 135.3250274658203 3.1447175124595788
9.219544457292887 2.418494590169005 124.49736022949219 -7.682949723868546
9.055385138137417 2.3754318957872584 136.79449462890625 4.614184675545516
9.0 2.360903124047875 132.84950256347656 0.6691926101158288
9.055385138137417 2.3754318957872584 128.5051727294922 -3.6751372238685462
9.219544457292887 2.418494590169005 135.34332275390625 3.1630128005455163
9.486832980505138 2.4886104023327773 126.98255157470703 -5.1977583786537025
9.848857801796104 2.58357768361819 133.8238525390625 1.6435425857017663
10.295630140987 2.700776151544186 128.49380493164062 -3.6865050217201087
10.816653826391969 2.837452423385911 121.0731201171875 -11.107189836173234
11.40175425099138 2.990937470087965 129.47694396972656 -2.7033659836341712
12.041594578792296 3.1587820288431874 144.15219116210938 11.971881208748641
12.727922061357855 3.3388212174775145 131.83680725097656 -0.34350270238417124
