FinalFigures/Figure6_RadialProfiles/2001_ME1_37_c4d_220512_082235_ooi_i_yse_C.ecsv
# %ECSV 0.9
# ---
# datatype:
# - {name: r, datatype: float64}
# - {name: r_arcsec, datatype: float64}
# - {name: flux, datatype: float64}
# - {name: flux_sky, datatype: float64}
# schema: astropy-2.0
r r_arcsec flux flux_sky
[from data line 224]
6.082762530298219 1.5957998929406048 1116.7318115234375 -9.202440793985033
5.0990195135927845 1.3377169918047889 1137.810302734375 11.876050416952467
4.123105625617661 1.0816880460432652 1111.2816162109375 -14.652636106485033
3.1622776601683795 0.8296168601699068 1169.5919189453125 43.65766662788997
2.23606797749979 0.5866277076128329 1190.678466796875 64.74421447945247
1.4142135623730951 0.3710159389239699 1228.1964111328125 102.26215881538997
1.0 0.262347886341433 1302.1553955078125 176.22114319038997
1.4142135623730951 0.3710159389239699 1249.2486572265625 123.31440490913997
2.23606797749979 0.5866277076128329 1197.655029296875 71.72077697945247
3.1622776601683795 0.8296168601699068 1161.3975830078125 35.46333069038997
4.123105625617661 1.0816880460432652 1143.26904296875 17.334790651327467
5.0990195135927845 1.3377169918047889 1116.9071044921875 -9.027147825235033
6.082762530298219 1.5957998929406048 1112.7513427734375 -13.182909543985033
7.0710678118654755 1.8550796946198493 1141.9666748046875 16.032422487264967
8.06225774829855 2.1151162794059655 1125.237548828125 -0.6967034892975335
9.055385138137417 2.375661150997977 1111.390869140625 -14.543383176797533
10.198039027185569 2.6754339836095777 1129.4681396484375 3.5338873310149665
9.219544457292887 2.418728001401663 1160.2159423828125 34.28169006538997
8.246211251235321 2.1633760920865304 1152.361572265625 26.427319948202467
7.280109889280518 1.909921441786108 1109.3416748046875 -16.592577512735033
6.324555320336759 1.6592337203398135 1120.2088623046875 -5.7253900127350335
5.385164807134504 1.412786604752008 1153.583740234375 27.649487916952467
4.47213595499958 1.1732554152256658 1144.2415771484375 18.307324831014967
3.605551275463989 0.9459087562136355 1110.8355712890625 -15.098681028360033
2.8284271247461903 0.7420318778479398 1122.875732421875 -3.0585198955475335
2.23606797749979 0.5866277076128329 1176.24072265625 50.30647033882747
2.0 0.524695772682866 1204.114501953125 78.18024963570247
2.23606797749979 0.5866277076128329 1176.07861328125 50.14436096382747
2.8284271247461903 0.7420318778479398 1156.1962890625 30.262036745077467
3.605551275463989 0.9459087562136355 1128.022705078125 2.0884527607024665
4.47213595499958 1.1732554152256658 1146.9940185546875 21.059766237264967
5.385164807134504 1.412786604752008 1118.74658203125 -7.1876702861725335
6.324555320336759 1.6592337203398135 1132.131103515625 6.1968511982024665
7.280109889280518 1.909921441786108 1144.136962890625 18.202710573202467
8.246211251235321 2.1633760920865304 1106.8795166015625 -19.054735715860033
9.219544457292887 2.418728001401663 1110.67578125 -15.258471067422533
10.44030650891055 2.7389923453693887 1131.6341552734375 5.6999029560149665
9.486832980505138 2.48885058050972 1103.7838134765625 -22.150438840860033
8.54400374531753 2.2415013234773413 1138.690673828125 12.756421510702467
7.615773105863909 1.997981977179327 1148.440185546875 22.505933229452467
6.708203932499369 1.7598831228384986 1107.9461669921875 -17.988085325235033
5.830951894845301 1.5297379049712385 1133.08056640625 7.1463140888274665
5.0 1.3117394317071651 1135.8331298828125 9.898877565389967
4.242640687119285 1.1130478167719093 1144.3944091796875 18.460156862264967
3.605551275463989 0.9459087562136355 1141.5003662109375 15.566113893514967
3.1622776601683795 0.8296168601699068 1177.7166748046875 51.78242248726497
3.0 0.7870436590242991 1128.8023681640625 2.8681158466399665
3.1622776601683795 0.8296168601699068 1121.8355712890625 -4.0986810283600335
3.605551275463989 0.9459087562136355 1142.7611083984375 16.826856081014967
4.242640687119285 1.1130478167719093 1127.5750732421875 1.6408209247649665
5.0 1.3117394317071651 1127.5833740234375 1.6491217060149665
5.830951894845301 1.5297379049712385 1112.259765625 -13.674486692422533
6.708203932499369 1.7598831228384986 1130.3228759765625 4.3886236591399665
7.615773105863909 1.997981977179327 1130.1622314453125 4.2279791278899665
8.54400374531753 2.2415013234773413 1109.46484375 -16.469408567422533
9.486832980505138 2.48885058050972 1117.784423828125 -8.149828489297533
10.770329614269007 2.825573209504016 1142.7120361328125 16.777783815389967
9.848857801796104 2.58382702717854 1113.3560791015625 -12.578173215860033
8.94427190999916 2.3465108304513316 1111.855224609375 -14.079027708047533
8.06225774829855 2.1151162794059655 1126.3736572265625 0.43940490913996655
7.211102550927978 1.891817512427271 1088.19873046875 -37.73552184867253
6.4031242374328485 1.679846109672108 1106.10986328125 -19.824389036172533
5.656854249492381 1.4840637556958796 1128.0347900390625 2.1005377216399665
5.0 1.3117394317071651 1129.31689453125 3.3826422138274665
4.47213595499958 1.1732554152256658 1128.0909423828125 2.1566900653899665
4.123105625617661 1.0816880460432652 1142.7125244140625 16.778272096639967
4.0 1.049391545365732 1169.1842041015625 43.24995178413997
4.123105625617661 1.0816880460432652 1126.493896484375 0.5596441669524665
4.47213595499958 1.1732554152256658 1128.022705078125 2.0884527607024665
5.0 1.3117394317071651 1157.305908203125 31.371655885702467
5.656854249492381 1.4840637556958796 1157.1943359375 31.260083620077467
6.4031242374328485 1.679846109672108 1091.2484130859375 -34.68583923148503
7.211102550927978 1.891817512427271 1085.4805908203125 -40.45366149711003
8.06225774829855 2.1151162794059655 1128.07763671875 2.1433844013274665
8.94427190999916 2.3465108304513316 1104.3568115234375 -21.577440793985033
9.848857801796104 2.58382702717854 1114.8779296875 -11.056322629922533
11.180339887498949 2.9331385380641644 1140.77880859375 14.844556276327467
10.295630140987 2.7010368060410896 1128.536865234375 2.6026129169524665
9.433981132056603 2.4749850097800095 1091.843994140625 -34.09025817679753
8.602325267042627 2.2568018514301365 1136.7861328125 10.851880495077467
7.810249675906654 2.049002494272973 1127.099365234375 1.1651129169524665
7.0710678118654755 1.8550796946198493 1121.6514892578125 -4.2827630596100335
6.4031242374328485 1.679846109672108 1160.05517578125 34.12092346382747
5.830951894845301 1.5297379049712385 1109.3411865234375 -16.593065793985033
5.385164807134504 1.412786604752008 1132.6002197265625 6.6659674091399665
5.0990195135927845 1.3377169918047889 1087.6224365234375 -38.31181579398503
5.0 1.3117394317071651 1151.6517333984375 25.717481081014967
5.0990195135927845 1.3377169918047889 1143.7813720703125 17.847119752889967
5.385164807134504 1.412786604752008 1134.0155029296875 8.081250612264967
5.830951894845301 1.5297379049712385 1120.5338134765625 -5.4004388408600335
6.4031242374328485 1.679846109672108 1134.12109375 8.186841432577467
7.0710678118654755 1.8550796946198493 1134.207763671875 8.273511354452467
7.810249675906654 2.049002494272973 1114.947265625 -10.986986692422533
8.602325267042627 2.2568018514301365 1114.8497314453125 -11.084520872110033
9.433981132056603 2.4749850097800095 1149.0562744140625 23.122022096639967
10.295630140987 2.7010368060410896 1131.1954345703125 5.2611822528899665
11.661903789690601 3.059475809942477 1134.0831298828125 8.148877565389967
10.816653826391969 2.837726268640907 1109.6480712890625 -16.286181028360033
10.0 2.6234788634143302 1156.025146484375 30.090894166952467
9.219544457292887 2.418728001401663 1142.372802734375 16.438550416952467
8.48528137423857 2.2260956335438187 1158.7813720703125 32.84711975288997
7.810249675906654 2.049002494272973 1128.645751953125 2.7114996357024665
7.211102550927978 1.891817512427271 1120.5841064453125 -5.3501458721100335
6.708203932499369 1.7598831228384986 1102.71630859375 -23.217943723672533
6.324555320336759 1.6592337203398135 1147.86376953125 21.929517213827467
6.082762530298219 1.5957998929406048 1139.54345703125 13.609204713827467
6.0 1.5740873180485981 1130.297607421875 4.3633551044524665
6.082762530298219 1.5957998929406048 1106.801513671875 -19.132738645547533
6.324555320336759 1.6592337203398135 1141.23486328125 15.300610963827467
6.708203932499369 1.7598831228384986 1172.3642578125 46.43000549507747
7.211102550927978 1.891817512427271 1108.296630859375 -17.637621458047533
7.810249675906654 2.049002494272973 1116.4937744140625 -9.440477903360033
8.48528137423857 2.2260956335438187 1136.939208984375 11.004956666952467
9.219544457292887 2.418728001401663 1101.5457763671875 -24.388475950235033
10.0 2.6234788634143302 1130.2451171875 4.3108648700774665
10.816653826391969 2.837726268640907 1126.0360107421875 0.10175842476496655
12.206555615733702 3.2023640652968863 1123.691650390625 -2.2426019267975335
11.40175425099138 2.991226128332037 1123.6700439453125 -2.2642083721100335
10.63014581273465 2.78879628547217 1137.2435302734375 11.309277956014967
9.899494936611665 2.5971115724677887 1113.1654052734375 -12.768847043985033
9.219544457292887 2.418728001401663 1106.3160400390625 -19.618212278360033
8.602325267042627 2.2568018514301365 1099.6258544921875 -26.308397825235033
8.06225774829855 2.1151162794059655 1099.515380859375 -26.418871458047533
7.615773105863909 1.997981977179327 1111.6585693359375 -14.275682981485033
7.280109889280518 1.909921441786108 1110.201171875 -15.733080442422533
7.0710678118654755 1.8550796946198493 1149.2655029296875 23.331250612264967
7.0 1.8364352043900312 1108.8929443359375 -17.041307981485033
7.0710678118654755 1.8550796946198493 1134.6014404296875 8.667188112264967
7.280109889280518 1.909921441786108 1154.929443359375 28.995191041952467
7.615773105863909 1.997981977179327 1149.3077392578125 23.373486940389967
8.06225774829855 2.1151162794059655 1142.5782470703125 16.643994752889967
8.602325267042627 2.2568018514301365 1125.1925048828125 -0.7417474346100335
9.219544457292887 2.418728001401663 1133.2071533203125 7.2729010028899665
9.899494936611665 2.5971115724677887 1141.222412109375 15.288159791952467
10.63014581273465 2.78879628547217 1111.689453125 -14.244799192422533
11.40175425099138 2.991226128332037 1142.648193359375 16.713941041952467
12.806248474865697 3.359692219344216 1087.39404296875 -38.54020934867253
12.041594578792296 3.1590868859266172 1158.2510986328125 32.31684631538997
11.313708498984761 2.968127511391759 1125.4859619140625 -0.44829040336003345
10.63014581273465 2.78879628547217 1124.2637939453125 -1.6704583721100335
10.0 2.6234788634143302 1107.91162109375 -18.022631223672533
9.433981132056603 2.4749850097800095 1086.118408203125 -39.81584411429753
8.94427190999916 2.3465108304513316 1151.3675537109375 25.433301393514967
8.54400374531753 2.2415013234773413 1155.61865234375 29.684400026327467
8.246211251235321 2.1633760920865304 1141.7664794921875 15.832227174764967
8.06225774829855 2.1151162794059655 1118.73095703125 -7.2032952861725335
8.0 2.098783090731464 1186.8892822265625 60.95502990913997
8.06225774829855 2.1151162794059655 1082.1253662109375 -43.80888610648503
8.246211251235321 2.1633760920865304 1114.824951171875 -11.109301145547533
8.54400374531753 2.2415013234773413 1136.4119873046875 10.477734987264967
8.94427190999916 2.3465108304513316 1127.0797119140625 1.1454595966399665
9.433981132056603 2.4749850097800095 1109.354736328125 -16.579515989297533
10.0 2.6234788634143302 1124.1439208984375 -1.7903314189850335
10.63014581273465 2.78879628547217 1116.1259765625 -9.808275754922533
11.313708498984761 2.968127511391759 1094.093994140625 -31.840258176797533
12.041594578792296 3.1590868859266172 1113.439208984375 -12.495043333047533
13.45362404707371 3.529529832382064 1097.4862060546875 -28.448046262735033
12.727922061357855 3.3391434503157287 1136.3465576171875 10.412305299764967
12.041594578792296 3.1590868859266172 1121.057373046875 -4.8768792705475335
11.40175425099138 2.991226128332037 1132.2181396484375 6.2838873310149665
10.816653826391969 2.837726268640907 1127.92529296875 1.9910406513274665
10.295630140987 2.7010368060410896 1105.8975830078125 -20.036669309610033
9.848857801796104 2.58382702717854 1147.4993896484375 21.565137331014967
9.486832980505138 2.48885058050972 1129.4827880859375 3.5485357685149665
9.219544457292887 2.418728001401663 1084.8975830078125 -41.03666930961003
9.055385138137417 2.375661150997977 1142.0228271484375 16.088574831014967
9.0 2.3611309770728974 1125.2872314453125 -0.6470208721100335
9.055385138137417 2.375661150997977 1114.058349609375 -11.875902708047533
9.219544457292887 2.418728001401663 1144.9432373046875 19.008984987264967
9.486832980505138 2.48885058050972 1132.1695556640625 6.2353033466399665
9.848857801796104 2.58382702717854 1106.9793701171875 -18.954882200235033
10.295630140987 2.7010368060410896 1095.8336181640625 -30.100634153360033
10.816653826391969 2.837726268640907 1107.0074462890625 -18.926806028360033
11.40175425099138 2.991226128332037 1136.4959716796875 10.561719362264967
12.041594578792296 3.1590868859266172 1112.640380859375 -13.293871458047533
12.727922061357855 3.3391434503157287 1108.540771484375 -17.393480833047533
