FinalFigures/Figure6_RadialProfiles/2001_ME1_37_c4d_220512_082235_ooi_i_yse_C.ecsv
# %ECSV 0.9
# ---
# datatype:
# - {name: r, datatype: float64}
# - {name: r_arcsec, datatype: float64}
# - {name: flux, datatype: float64}
# - {name: flux_sky, datatype: float64}
# schema: astropy-2.0
r r_arcsec flux flux_sky
14.142135623730951 3.7101593892396987 1106.550048828125 -19.384203489297533
13.45362404707371 3.529529832382064 1140.9332275390625 14.998975221639967
12.806248474865697 3.359692219344216 1158.2103271484375 32.27607483101497
12.206555615733702 3.2023640652968863 1128.9483642578125 3.0141119403899665
11.661903789690601 3.059475809942477 1131.784423828125 5.8501715107024665
11.180339887498949 2.9331385380641644 1139.5968017578125 13.662549440389967
10.770329614269007 2.825573209504016 1107.62548828125 -18.308764036172533
10.44030650891055 2.7389923453693887 1118.310302734375 -7.6239495830475335
10.198039027185569 2.6754339836095777 1114.3546142578125 -11.579638059610033
10.04987562112089 2.6365636271953616 1123.75146484375 -2.1827874736725335
10.0 2.6234788634143302 1139.5120849609375 13.577832643514967
10.04987562112089 2.6365636271953616 1143.7449951171875 17.810742799764967
10.198039027185569 2.6754339836095777 1131.7220458984375 5.7877935810149665
10.44030650891055 2.7389923453693887 1106.5126953125 -19.421557004922533
10.770329614269007 2.825573209504016 1146.2958984375 20.361646120077467
11.180339887498949 2.9331385380641644 1126.48291015625 0.5486578388274665
11.661903789690601 3.059475809942477 1126.2109375 0.27668518257746655
12.206555615733702 3.2023640652968863 1102.544921875 -23.389330442422533
12.806248474865697 3.359692219344216 1108.9605712890625 -16.973681028360033
13.45362404707371 3.529529832382064 1141.0596923828125 15.125440065389967
13.45362404707371 3.529529832382064 1127.4033203125 1.4690679950774665
12.727922061357855 3.3391434503157287 1114.841796875 -11.092455442422533
12.041594578792296 3.1590868859266172 1131.431396484375 5.4971441669524665
11.40175425099138 2.991226128332037 1124.5443115234375 -1.3899407939850335
10.816653826391969 2.837726268640907 1103.6260986328125 -22.308153684610033
10.295630140987 2.7010368060410896 1091.0294189453125 -34.90483337211003
9.848857801796104 2.58382702717854 1153.90380859375 27.969556276327467
9.486832980505138 2.48885058050972 1135.7296142578125 9.795361940389967
9.219544457292887 2.418728001401663 1134.210205078125 8.275952760702467
9.055385138137417 2.375661150997977 1133.009765625 7.0755133075774665
9.0 2.3611309770728974 1123.1943359375 -2.7399163799225335
9.055385138137417 2.375661150997977 1139.7490234375 13.814771120077467
9.219544457292887 2.418728001401663 1124.60986328125 -1.3243890361725335
9.486832980505138 2.48885058050972 1134.2109375 8.276685182577467
9.848857801796104 2.58382702717854 1107.5577392578125 -18.376513059610033
10.295630140987 2.7010368060410896 1121.792724609375 -4.1415277080475335
10.816653826391969 2.837726268640907 1134.4447021484375 8.510449831014967
11.40175425099138 2.991226128332037 1149.6661376953125 23.731885377889967
12.041594578792296 3.1590868859266172 1111.8353271484375 -14.098925168985033
12.727922061357855 3.3391434503157287 1137.14208984375 11.207837526327467
12.806248474865697 3.359692219344216 1103.8250732421875 -22.109179075235033
12.041594578792296 3.1590868859266172 1132.3636474609375 6.4293951435149665
11.313708498984761 2.968127511391759 1151.43359375 25.499341432577467
10.63014581273465 2.78879628547217 1126.677734375 0.7434820575774665
10.0 2.6234788634143302 1107.7470703125 -18.187182004922533
9.433981132056603 2.4749850097800095 1144.3704833984375 18.436231081014967
8.94427190999916 2.3465108304513316 1125.383056640625 -0.5511956767975335
8.54400374531753 2.2415013234773413 1134.9326171875 8.998364870077467
8.246211251235321 2.1633760920865304 1106.2725830078125 -19.661669309610033
8.06225774829855 2.1151162794059655 1162.2314453125 36.29719299507747
8.0 2.098783090731464 1098.425048828125 -27.509203489297533
8.06225774829855 2.1151162794059655 1137.76220703125 11.827954713827467
8.246211251235321 2.1633760920865304 1137.8284912109375 11.894238893514967
8.54400374531753 2.2415013234773413 1118.790283203125 -7.1439691142975335
8.94427190999916 2.3465108304513316 1120.175048828125 -5.7592034892975335
9.433981132056603 2.4749850097800095 1139.1522216796875 13.217969362264967
10.0 2.6234788634143302 1151.42724609375 25.492993776327467
10.63014581273465 2.78879628547217 1106.508056640625 -19.426195676797533
11.313708498984761 2.968127511391759 1147.324462890625 21.390210573202467
12.041594578792296 3.1590868859266172 1105.1900634765625 -20.744188840860033
12.206555615733702 3.2023640652968863 1131.346923828125 5.4126715107024665
11.40175425099138 2.991226128332037 1121.8536376953125 -4.0806146221100335
10.63014581273465 2.78879628547217 1125.9091796875 -0.02507262992253345
9.899494936611665 2.5971115724677887 1147.9300537109375 21.995801393514967
9.219544457292887 2.418728001401663 1142.43896484375 16.504712526327467
8.602325267042627 2.2568018514301365 1114.7718505859375 -11.162401731485033
8.06225774829855 2.1151162794059655 1139.73876953125 13.804517213827467
7.615773105863909 1.997981977179327 1110.94580078125 -14.988451536172533
7.280109889280518 1.909921441786108 1098.572509765625 -27.361742551797533
7.0710678118654755 1.8550796946198493 1145.05419921875 19.119946901327467
7.0 1.8364352043900312 1096.953369140625 -28.980883176797533
7.0710678118654755 1.8550796946198493 1134.385009765625 8.450757448202467
7.280109889280518 1.909921441786108 1146.639404296875 20.705151979452467
7.615773105863909 1.997981977179327 1120.4290771484375 -5.5051751689850335
8.06225774829855 2.1151162794059655 1117.72802734375 -8.206224973672533
8.602325267042627 2.2568018514301365 1124.457275390625 -1.4769769267975335
9.219544457292887 2.418728001401663 1127.179931640625 1.2456793232024665
9.899494936611665 2.5971115724677887 1134.1494140625 8.215161745077467
10.63014581273465 2.78879628547217 1127.4866943359375 1.5524420185149665
11.40175425099138 2.991226128332037 1118.9326171875 -7.0016351299225335
11.661903789690601 3.059475809942477 1115.096923828125 -10.837328489297533
10.816653826391969 2.837726268640907 1116.1929931640625 -9.741259153360033
10.0 2.6234788634143302 1126.906494140625 0.9722418232024665
9.219544457292887 2.418728001401663 1135.1231689453125 9.188916627889967
8.48528137423857 2.2260956335438187 1121.584716796875 -4.3495355205475335
7.810249675906654 2.049002494272973 1145.7989501953125 19.864697877889967
7.211102550927978 1.891817512427271 1116.3944091796875 -9.539843137735033
6.708203932499369 1.7598831228384986 1132.5037841796875 6.5695318622649665
6.324555320336759 1.6592337203398135 1140.24755859375 14.313306276327467
6.082762530298219 1.5957998929406048 1120.274658203125 -5.6595941142975335
6.0 1.5740873180485981 1116.4542236328125 -9.480028684610033
6.082762530298219 1.5957998929406048 1144.3489990234375 18.414746706014967
6.324555320336759 1.6592337203398135 1132.4512939453125 6.5170416278899665
6.708203932499369 1.7598831228384986 1133.7431640625 7.8089117450774665
7.211102550927978 1.891817512427271 1145.5430908203125 19.608838502889967
7.810249675906654 2.049002494272973 1108.4598388671875 -17.474413450235033
8.48528137423857 2.2260956335438187 1149.7493896484375 23.815137331014967
9.219544457292887 2.418728001401663 1136.220458984375 10.286206666952467
10.0 2.6234788634143302 1117.6702880859375 -8.263964231485033
10.816653826391969 2.837726268640907 1120.1915283203125 -5.7427239971100335
11.180339887498949 2.9331385380641644 1124.8753662109375 -1.0588861064850335
10.295630140987 2.7010368060410896 1115.0145263671875 -10.919725950235033
9.433981132056603 2.4749850097800095 1098.024658203125 -27.909594114297533
8.602325267042627 2.2568018514301365 1130.4095458984375 4.4752935810149665
7.810249675906654 2.049002494272973 1134.656005859375 8.721753541952467
7.0710678118654755 1.8550796946198493 1141.99462890625 16.060376588827467
6.4031242374328485 1.679846109672108 1127.7222900390625 1.7880377216399665
5.830951894845301 1.5297379049712385 1092.1954345703125 -33.73881774711003
5.385164807134504 1.412786604752008 1106.5159912109375 -19.418261106485033
5.0990195135927845 1.3377169918047889 1113.546630859375 -12.387621458047533
5.0 1.3117394317071651 1137.6259765625 11.691724245077467
5.0990195135927845 1.3377169918047889 1112.11376953125 -13.820482786172533
5.385164807134504 1.412786604752008 1137.5570068359375 11.622754518514967
5.830951894845301 1.5297379049712385 1156.1650390625 30.230786745077467
6.4031242374328485 1.679846109672108 1136.241455078125 10.307202760702467
7.0710678118654755 1.8550796946198493 1116.18505859375 -9.749193723672533
7.810249675906654 2.049002494272973 1097.9288330078125 -28.005419309610033
8.602325267042627 2.2568018514301365 1092.4129638671875 -33.52128845023503
9.433981132056603 2.4749850097800095 1134.7943115234375 8.860059206014967
10.295630140987 2.7010368060410896 1124.689697265625 -1.2445550517975335
10.770329614269007 2.825573209504016 1124.2230224609375 -1.7112298564850335
9.848857801796104 2.58382702717854 1126.789794921875 0.8555426044524665
8.94427190999916 2.3465108304513316 1101.00537109375 -24.928881223672533
8.06225774829855 2.1151162794059655 1120.07666015625 -5.8575921611725335
7.211102550927978 1.891817512427271 1138.9268798828125 12.992627565389967
6.4031242374328485 1.679846109672108 1133.54443359375 7.6101812763274665
5.656854249492381 1.4840637556958796 1135.0517578125 9.117505495077467
5.0 1.3117394317071651 1122.59912109375 -3.3351312236725335
4.47213595499958 1.1732554152256658 1102.5089111328125 -23.425341184610033
4.123105625617661 1.0816880460432652 1171.515869140625 45.58161682320247
4.0 1.049391545365732 1147.25244140625 21.318189088827467
4.123105625617661 1.0816880460432652 1139.04052734375 13.106275026327467
4.47213595499958 1.1732554152256658 1116.1156005859375 -9.818651731485033
5.0 1.3117394317071651 1111.7227783203125 -14.211473997110033
5.656854249492381 1.4840637556958796 1141.830322265625 15.896069948202467
6.4031242374328485 1.679846109672108 1115.8992919921875 -10.034960325235033
7.211102550927978 1.891817512427271 1159.3426513671875 33.40839904976497
8.06225774829855 2.1151162794059655 1126.8450927734375 0.9108404560149665
8.94427190999916 2.3465108304513316 1100.9322509765625 -25.002001340860033
9.848857801796104 2.58382702717854 1114.762451171875 -11.171801145547533
10.44030650891055 2.7389923453693887 1131.8485107421875 5.9142584247649665
9.486832980505138 2.48885058050972 1134.664794921875 8.730542604452467
8.54400374531753 2.2415013234773413 1115.5225830078125 -10.411669309610033
7.615773105863909 1.997981977179327 1100.53076171875 -25.403490598672533
6.708203932499369 1.7598831228384986 1147.9913330078125 22.057080690389967
5.830951894845301 1.5297379049712385 1157.4744873046875 31.540234987264967
5.0 1.3117394317071651 1099.079833984375 -26.854418333047533
4.242640687119285 1.1130478167719093 1135.8646240234375 9.930371706014967
3.605551275463989 0.9459087562136355 1130.3653564453125 4.4311041278899665
3.1622776601683795 0.8296168601699068 1173.7906494140625 47.85639709663997
3.0 0.7870436590242991 1180.7279052734375 54.79365295601497
3.1622776601683795 0.8296168601699068 1176.47314453125 50.53889221382747
3.605551275463989 0.9459087562136355 1130.5233154296875 4.5890631122649665
4.242640687119285 1.1130478167719093 1122.2484130859375 -3.6858392314850335
5.0 1.3117394317071651 1123.508056640625 -2.4261956767975335
5.830951894845301 1.5297379049712385 1146.755126953125 20.820874635702467
6.708203932499369 1.7598831228384986 1123.664794921875 -2.2694573955475335
7.615773105863909 1.997981977179327 1129.051513671875 3.1172613544524665
8.54400374531753 2.2415013234773413 1145.4102783203125 19.476026002889967
9.486832980505138 2.48885058050972 1126.337158203125 0.40290588570246655
10.198039027185569 2.6754339836095777 1133.7437744140625 7.8095220966399665
9.219544457292887 2.418728001401663 1083.6956787109375 -42.23857360648503
8.246211251235321 2.1633760920865304 1120.483642578125 -5.4506097392975335
7.280109889280518 1.909921441786108 1136.4185791015625 10.484326784139967
6.324555320336759 1.6592337203398135 1153.3782958984375 27.444043581014967
5.385164807134504 1.412786604752008 1153.6064453125 27.672192995077467
4.47213595499958 1.1732554152256658 1114.093017578125 -11.841234739297533
3.605551275463989 0.9459087562136355 1133.8121337890625 7.8778814716399665
2.8284271247461903 0.7420318778479398 1158.7503662109375 32.81611389351497
2.23606797749979 0.5866277076128329 1214.2845458984375 88.35029358101497
2.0 0.524695772682866 1224.7593994140625 98.82514709663997
2.23606797749979 0.5866277076128329 1214.1048583984375 88.17060608101497
2.8284271247461903 0.7420318778479398 1152.0823974609375 26.148145143514967
3.605551275463989 0.9459087562136355 1124.5931396484375 -1.3411126689850335
4.47213595499958 1.1732554152256658 1161.556884765625 35.62263244820247
5.385164807134504 1.412786604752008 1153.52099609375 27.586743776327467
6.324555320336759 1.6592337203398135 1156.238525390625 30.304273073202467
7.280109889280518 1.909921441786108 1124.340087890625 -1.5941644267975335
8.246211251235321 2.1633760920865304 1132.3232421875 6.3889898700774665
9.219544457292887 2.418728001401663 1128.2960205078125 2.3617681903899665
10.04987562112089 2.6365636271953616 1121.9329833984375 -4.0012689189850335
9.055385138137417 2.375661150997977 1131.6353759765625 5.7011236591399665
8.06225774829855 2.1151162794059655 1139.935302734375 14.001050416952467
7.0710678118654755 1.8550796946198493 1118.959228515625 -6.9750238017975335
6.082762530298219 1.5957998929406048 1127.3438720703125 1.4096197528899665
5.0990195135927845 1.3377169918047889 1150.0880126953125 24.153760377889967
4.123105625617661 1.0816880460432652 1138.7611083984375 12.826856081014967
3.1622776601683795 0.8296168601699068 1137.1973876953125 11.263135377889967
2.23606797749979 0.5866277076128329 1189.2308349609375 63.29658264351497
1.4142135623730951 0.3710159389239699 1248.577880859375 122.64362854195247
1.0 0.262347886341433 1311.7947998046875 185.86054748726497
1.4142135623730951 0.3710159389239699 1255.58740234375 129.65315002632747
2.23606797749979 0.5866277076128329 1192.127685546875 66.19343322945247
3.1622776601683795 0.8296168601699068 1171.0665283203125 45.13227600288997
4.123105625617661 1.0816880460432652 1154.12158203125 28.187329713827467
5.0990195135927845 1.3377169918047889 1110.3974609375 -15.536791379922533
6.082762530298219 1.5957998929406048 1127.3006591796875 1.3664068622649665
7.0710678118654755 1.8550796946198493 1102.0736083984375 -23.860643918985033
8.06225774829855 2.1151162794059655 1142.8463134765625 16.912061159139967
9.055385138137417 2.375661150997977 1123.2816162109375 -2.6526361064850335
10.0 2.6234788634143302 1124.374267578125 -1.5599847392975335
9.0 2.3611309770728974 1140.5341796875 14.599927370077467
8.0 2.098783090731464 1120.287109375 -5.6471429424225335
7.0 1.8364352043900312 1123.13671875 -2.7975335674225335
6.0 1.5740873180485981 1114.892333984375 -11.041918333047533
5.0 1.3117394317071651 1157.73046875 31.796216432577467
4.0 1.049391545365732 1127.1595458984375 1.2252935810149665
3.0 0.7870436590242991 1148.2764892578125 22.342236940389967
2.0 0.524695772682866 1184.333251953125 58.39899963570247
1.0 0.262347886341433 1268.5277099609375 142.59345764351497
0.0 0.0 1353.9971923828125 228.06294006538997
1.0 0.262347886341433 1310.124267578125 184.19001526070247
2.0 0.524695772682866 1201.9127197265625 75.97846740913997
3.0 0.7870436590242991 1182.9945068359375 57.06025451851497
4.0 1.049391545365732 1145.90625 19.971997682577467
5.0 1.3117394317071651 1127.060302734375 1.1260504169524665
6.0 1.5740873180485981 1116.4720458984375 -9.462206418985033
7.0 1.8364352043900312 1132.2366943359375 6.3024420185149665
8.0 2.098783090731464 1140.3487548828125 14.414502565389967
9.0 2.3611309770728974 1113.5787353515625 -12.355516965860033
10.04987562112089 2.6365636271953616 1108.4005126953125 -17.533739622110033
9.055385138137417 2.375661150997977 1120.92529296875 -5.0089593486725335
8.06225774829855 2.1151162794059655 1151.63525390625 25.701001588827467
